//time hold_duration olliQty UdinQty
// Initial
8339 0.5 1 0
9359 0.5 1 0
10379 0.5 1 0
11359 0.5 1 0
12339 0.5 1 0
13339 0.5 1 0
14339 0.5 1 0
14819 0.5 1 0
15359 0.5 1 0
16379 0.5 1 0
17379 0.5 1 0
18339 0.5 1 0
19338 0.5 1 0
20338 0.5 1 0
21338 0.5 1 0
22338 0.5 1 0
22858 0.5 1 0
23378 0.5 1 0
24338 0.5 1 0
25338 0.5 1 0
26318 0.5 1 0
27358 0.5 1 0
28338 0.5 1 0
29378 0.5 1 0
30298 0.5 1 0
30818 0.5 1 0
31358 0.5 1 0
32318 0.5 1 0
33318 0.5 1 0
34358 0.5 1 0
35338 0.5 1 0
36358 0.5 1 0
37298 0.5 1 0
38277 0.5 1 0
38797 0.5 1 0
39317 0.5 1 0
40317 0.5 1 0
41277 0.5 1 0
42277 0.5 1 0
43277 0.5 1 0
44277 0.5 1 0
45297 0.5 1 0
46257 0.5 1 0
46817 0.5 1 0
47297 0.5 1 0
48317 0.5 1 0
49377 0.5 1 0
50377 0.5 1 0
51337 0.5 1 0
52297 0.5 1 0
53357 0.5 1 0
54277 0.5 1 0
54797 0.5 1 0
55317 0.5 1 0
// Jazzy part, udin intro


72316
73336
74316
75295
76275
77295
78295
79275
80275
81315
82275
83275
84315
85335
86335
87255
88275
89295
90315
91315
92295
93315
94294
95314
96334
97314
98294
99294
100254
101294
102234
102794
103314
104314
105314
106274
107294
108294
109294
110294
110834
111334
112314
113313
114333
115313
116273
117293
118273
118833
119353
120313
121313
122293
123293
124233
125233
126233
126793
127313
128293
129293
130273
131293
132272
133272
134252
134812
135312
136332